Time: 2025-05-07 21:24:30, Latitude: 23.7985409, Longitude: 90.3648412
Time: 2025-05-07 21:28:12, Latitude: 23.7985409, Longitude: 90.3648412
Time: 2025-05-07 21:31:08, Latitude: 23.7985409, Longitude: 90.3648412
Time: 2025-05-07 22:51:25, Latitude: 23.7985601, Longitude: 90.3666064
